function time_equ = quad_timePFF(x01, x02, x03, x04, x05, x06, x07, x08, x09, x010, x11, x12, x13)
time_equ = [ 4.2586e101, 0, - 8.6364e101*x06^2 - 6.7046e100*x09^2 - 6.7046e100*x010^2, 3.4546e102*x06*x13 - 1.2068e102*x07*x09 - 1.2068e102*x08*x010 - 3.4546e102*x03*x06 + 1.2571e101, - 2.5909e102*x03^2 + 5.1819e102*x03*x13 - 5.129e102*x07^2 - 5.129e102*x08^2 - 2.5909e102*x13^2 - 4.3057e101*x04*x010 + 4.3057e101*x05*x09, 5.7409e101*x02*x09 - 5.7409e101*x01*x010 - 3.4446e102*x04*x08 + 3.4446e102*x05*x07 - 5.7409e101*x09*x12 + 5.7409e101*x010*x11 - 2.5494e101*x06^2 - 7.9166e99*x09^2 - 7.9166e99*x010^2, - 5.4864e101*x04^2 - 5.4864e101*x05^2 - 4.3057e102*x01*x08 + 4.3057e102*x02*x07 - 1.0198e102*x03*x06 - 1.1875e101*x07*x09 - 1.1875e101*x08*x010 + 1.0198e102*x06*x13 - 4.3057e102*x07*x12 + 4.3057e102*x08*x11 + 9.2773e99, - 7.6483e101*x03^2 + 1.5297e102*x03*x13 - 3.7406e101*x07^2 - 3.7406e101*x08^2 - 7.6483e101*x13^2 - 1.3167e102*x01*x04 - 1.3167e102*x02*x05 - 5.0841e100*x04*x010 + 5.0841e100*x05*x09 + 1.3167e102*x04*x11 + 1.3167e102*x05*x12, - 7.6809e101*x01^2 - 8.0498e100*x01*x010 + 1.5362e102*x01*x11 - 7.6809e101*x02^2 + 8.0498e100*x02*x09 + 1.5362e102*x02*x12 - 1.8814e100*x06^2 - 1.0224e99*x09^2 - 8.0498e100*x09*x12 - 1.0224e99*x010^2 + 8.0498e100*x010*x11 - 7.6809e101*x11^2 - 7.6809e101*x12^2 - 3.0504e101*x04*x08 + 3.0504e101*x05*x07, - 5.3121e100*x04^2 - 5.3121e100*x05^2 - 4.5757e101*x01*x08 + 4.5757e101*x02*x07 - 7.5257e100*x03*x06 - 1.2269e100*x07*x09 - 1.2269e100*x08*x010 + 7.5257e100*x06*x13 - 4.5757e101*x07*x12 + 4.5757e101*x08*x11, - 5.6443e100*x03^2 + 1.1289e101*x03*x13 - 2.7605e100*x07^2 - 2.7605e100*x08^2 - 5.6443e100*x13^2 - 1.4382e101*x01*x04 - 1.4382e101*x02*x05 - 3.752e99*x04*x010 + 3.752e99*x05*x09 + 1.4382e101*x04*x11 + 1.4382e101*x05*x12, - 9.0694e100*x01^2 + 1.8139e101*x01*x11 - 5.0026e99*x010*x01 - 9.0694e100*x02^2 + 1.8139e101*x02*x12 + 5.0026e99*x09*x02 - 9.0694e100*x11^2 + 5.0026e99*x010*x11 - 9.0694e100*x12^2 - 5.0026e99*x09*x12 - 1.5008e100*x04*x08 + 1.5008e100*x05*x07, - 1.9123e99*x04^2 - 1.9123e99*x05^2 - 1.876e100*x01*x08 + 1.876e100*x02*x07 - 1.876e100*x07*x12 + 1.876e100*x08*x11, 4.5896e99*x04*x11 - 4.5896e99*x02*x05 - 4.5896e99*x01*x04 + 4.5896e99*x05*x12, - 2.6772e99*x01^2 + 5.3545e99*x01*x11 - 2.6772e99*x02^2 + 5.3545e99*x02*x12 - 2.6772e99*x11^2 - 2.6772e99*x12^2];
end