function states = quad_statePFF(t,t_s,x01, x02, x03, x04, x05, x06, x07, x08, x09, x010, x11, x12, x13)
states = [x01 + t*x04 + 4.905*t^2*x08 + 1.635*t^3*x010 + (1.6513e32*t^4*x01)/(2.5162e31*t_s^4 + 4.9518e30*t_s) - (1.6513e32*t^4*x11)/(2.5162e31*t_s^4 + 4.9518e30*t_s) - (3.3025e31*t^5*x01)/(2.5162e31*t_s^5 + 4.9518e30*t_s^2) - (8.6656e30*t^4*x01)/(2.5162e31*t_s^7 + 4.9518e30*t_s^4) + (5.1993e30*t^5*x01)/(2.5162e31*t_s^8 + 4.9518e30*t_s^5) - (1.7331e30*t^6*x01)/(2.5162e31*t_s^9 + 4.9518e30*t_s^6) + (3.3025e31*t^5*x11)/(2.5162e31*t_s^5 + 4.9518e30*t_s^2) + (2.4759e29*t^7*x01)/(2.5162e31*t_s^10 + 4.9518e30*t_s^7) + (8.6656e30*t^4*x11)/(2.5162e31*t_s^7 + 4.9518e30*t_s^4) - (5.1993e30*t^5*x11)/(2.5162e31*t_s^8 + 4.9518e30*t_s^5) + (1.7331e30*t^6*x11)/(2.5162e31*t_s^9 + 4.9518e30*t_s^6) - (2.4759e29*t^7*x11)/(2.5162e31*t_s^10 + 4.9518e30*t_s^7) - (3.3025e31*t^5*t_s*x04)/(2.5162e31*t_s^5 + 4.9518e30*t_s^2) + (6.171e32*t^4*t_s^2*x08)/(2.5162e31*t_s^4 + 4.9518e30*t_s) - (8.6656e30*t^4*t_s*x04)/(2.5162e31*t_s^7 + 4.9518e30*t_s^4) + (7.7137e31*t^4*t_s^3*x010)/(2.5162e31*t_s^4 + 4.9518e30*t_s) + (5.1993e30*t^5*t_s*x04)/(2.5162e31*t_s^8 + 4.9518e30*t_s^5) - (1.7331e30*t^6*t_s*x04)/(2.5162e31*t_s^9 + 4.9518e30*t_s^6) + (2.4759e29*t^7*t_s*x04)/(2.5162e31*t_s^10 + 4.9518e30*t_s^7) - (2.7521e32*t^4*t_s^3*x01)/(2.5162e31*t_s^7 + 4.9518e30*t_s^4) - (1.2342e32*t^5*t_s^2*x08)/(2.5162e31*t_s^5 + 4.9518e30*t_s^2) + (1.6513e32*t^5*t_s^3*x01)/(2.5162e31*t_s^8 + 4.9518e30*t_s^5) - (2.7521e32*t^4*t_s^4*x04)/(2.5162e31*t_s^7 + 4.9518e30*t_s^4) - (4.2505e31*t^4*t_s^2*x08)/(2.5162e31*t_s^7 + 4.9518e30*t_s^4) - (1.5427e31*t^5*t_s^3*x010)/(2.5162e31*t_s^5 + 4.9518e30*t_s^2) - (5.5042e31*t^6*t_s^3*x01)/(2.5162e31*t_s^9 + 4.9518e30*t_s^6) + (1.6513e32*t^5*t_s^4*x04)/(2.5162e31*t_s^8 + 4.9518e30*t_s^5) - (1.4168e31*t^4*t_s^3*x010)/(2.5162e31*t_s^7 + 4.9518e30*t_s^4) - (1.0799e33*t^4*t_s^5*x08)/(2.5162e31*t_s^7 + 4.9518e30*t_s^4) + (2.5503e31*t^5*t_s^2*x08)/(2.5162e31*t_s^8 + 4.9518e30*t_s^5) + (7.8631e30*t^7*t_s^3*x01)/(2.5162e31*t_s^10 + 4.9518e30*t_s^7) + (2.7521e32*t^4*t_s^3*x11)/(2.5162e31*t_s^7 + 4.9518e30*t_s^4) - (5.5042e31*t^6*t_s^4*x04)/(2.5162e31*t_s^9 + 4.9518e30*t_s^6) - (1.7999e32*t^4*t_s^6*x010)/(2.5162e31*t_s^7 + 4.9518e30*t_s^4) + (8.5009e30*t^5*t_s^3*x010)/(2.5162e31*t_s^8 + 4.9518e30*t_s^5) + (6.4795e32*t^5*t_s^5*x08)/(2.5162e31*t_s^8 + 4.9518e30*t_s^5) - (8.5009e30*t^6*t_s^2*x08)/(2.5162e31*t_s^9 + 4.9518e30*t_s^6) - (1.6513e32*t^5*t_s^3*x11)/(2.5162e31*t_s^8 + 4.9518e30*t_s^5) + (7.8631e30*t^7*t_s^4*x04)/(2.5162e31*t_s^10 + 4.9518e30*t_s^7) + (1.0799e32*t^5*t_s^6*x010)/(2.5162e31*t_s^8 + 4.9518e30*t_s^5) - (2.8336e30*t^6*t_s^3*x010)/(2.5162e31*t_s^9 + 4.9518e30*t_s^6) - (2.1598e32*t^6*t_s^5*x08)/(2.5162e31*t_s^9 + 4.9518e30*t_s^6) + (1.2144e30*t^7*t_s^2*x08)/(2.5162e31*t_s^10 + 4.9518e30*t_s^7) + (5.5042e31*t^6*t_s^3*x11)/(2.5162e31*t_s^9 + 4.9518e30*t_s^6) - (3.5997e31*t^6*t_s^6*x010)/(2.5162e31*t_s^9 + 4.9518e30*t_s^6) + (4.0481e29*t^7*t_s^3*x010)/(2.5162e31*t_s^10 + 4.9518e30*t_s^7) + (3.0855e31*t^7*t_s^5*x08)/(2.5162e31*t_s^10 + 4.9518e30*t_s^7) - (7.8631e30*t^7*t_s^3*x11)/(2.5162e31*t_s^10 + 4.9518e30*t_s^7) + (5.1425e30*t^7*t_s^6*x010)/(2.5162e31*t_s^10 + 4.9518e30*t_s^7) + (1.6513e32*t^4*t_s*x04)/(2.5162e31*t_s^4 + 4.9518e30*t_s);
            x02 + t*x05 - 4.905*t^2*x07 - 1.635*t^3*x09 + (1.6513e32*t^4*x02)/(2.5162e31*t_s^4 + 4.9518e30*t_s) - (1.6513e32*t^4*x12)/(2.5162e31*t_s^4 + 4.9518e30*t_s) - (3.3025e31*t^5*x02)/(2.5162e31*t_s^5 + 4.9518e30*t_s^2) - (8.6656e30*t^4*x02)/(2.5162e31*t_s^7 + 4.9518e30*t_s^4) + (5.1993e30*t^5*x02)/(2.5162e31*t_s^8 + 4.9518e30*t_s^5) - (1.7331e30*t^6*x02)/(2.5162e31*t_s^9 + 4.9518e30*t_s^6) + (3.3025e31*t^5*x12)/(2.5162e31*t_s^5 + 4.9518e30*t_s^2) + (2.4759e29*t^7*x02)/(2.5162e31*t_s^10 + 4.9518e30*t_s^7) + (8.6656e30*t^4*x12)/(2.5162e31*t_s^7 + 4.9518e30*t_s^4) - (5.1993e30*t^5*x12)/(2.5162e31*t_s^8 + 4.9518e30*t_s^5) + (1.7331e30*t^6*x12)/(2.5162e31*t_s^9 + 4.9518e30*t_s^6) - (2.4759e29*t^7*x12)/(2.5162e31*t_s^10 + 4.9518e30*t_s^7) - (6.171e32*t^4*t_s^2*x07)/(2.5162e31*t_s^4 + 4.9518e30*t_s) - (3.3025e31*t^5*t_s*x05)/(2.5162e31*t_s^5 + 4.9518e30*t_s^2) - (8.6656e30*t^4*t_s*x05)/(2.5162e31*t_s^7 + 4.9518e30*t_s^4) - (7.7137e31*t^4*t_s^3*x09)/(2.5162e31*t_s^4 + 4.9518e30*t_s) + (5.1993e30*t^5*t_s*x05)/(2.5162e31*t_s^8 + 4.9518e30*t_s^5) - (1.7331e30*t^6*t_s*x05)/(2.5162e31*t_s^9 + 4.9518e30*t_s^6) + (2.4759e29*t^7*t_s*x05)/(2.5162e31*t_s^10 + 4.9518e30*t_s^7) - (2.7521e32*t^4*t_s^3*x02)/(2.5162e31*t_s^7 + 4.9518e30*t_s^4) + (1.2342e32*t^5*t_s^2*x07)/(2.5162e31*t_s^5 + 4.9518e30*t_s^2) + (1.6513e32*t^5*t_s^3*x02)/(2.5162e31*t_s^8 + 4.9518e30*t_s^5) + (4.2505e31*t^4*t_s^2*x07)/(2.5162e31*t_s^7 + 4.9518e30*t_s^4) - (2.7521e32*t^4*t_s^4*x05)/(2.5162e31*t_s^7 + 4.9518e30*t_s^4) + (1.5427e31*t^5*t_s^3*x09)/(2.5162e31*t_s^5 + 4.9518e30*t_s^2) - (5.5042e31*t^6*t_s^3*x02)/(2.5162e31*t_s^9 + 4.9518e30*t_s^6) + (1.4168e31*t^4*t_s^3*x09)/(2.5162e31*t_s^7 + 4.9518e30*t_s^4) + (1.0799e33*t^4*t_s^5*x07)/(2.5162e31*t_s^7 + 4.9518e30*t_s^4) - (2.5503e31*t^5*t_s^2*x07)/(2.5162e31*t_s^8 + 4.9518e30*t_s^5) + (1.6513e32*t^5*t_s^4*x05)/(2.5162e31*t_s^8 + 4.9518e30*t_s^5) + (7.8631e30*t^7*t_s^3*x02)/(2.5162e31*t_s^10 + 4.9518e30*t_s^7) + (2.7521e32*t^4*t_s^3*x12)/(2.5162e31*t_s^7 + 4.9518e30*t_s^4) + (1.7999e32*t^4*t_s^6*x09)/(2.5162e31*t_s^7 + 4.9518e30*t_s^4) - (8.5009e30*t^5*t_s^3*x09)/(2.5162e31*t_s^8 + 4.9518e30*t_s^5) - (6.4795e32*t^5*t_s^5*x07)/(2.5162e31*t_s^8 + 4.9518e30*t_s^5) + (8.5009e30*t^6*t_s^2*x07)/(2.5162e31*t_s^9 + 4.9518e30*t_s^6) - (5.5042e31*t^6*t_s^4*x05)/(2.5162e31*t_s^9 + 4.9518e30*t_s^6) - (1.6513e32*t^5*t_s^3*x12)/(2.5162e31*t_s^8 + 4.9518e30*t_s^5) - (1.0799e32*t^5*t_s^6*x09)/(2.5162e31*t_s^8 + 4.9518e30*t_s^5) + (2.8336e30*t^6*t_s^3*x09)/(2.5162e31*t_s^9 + 4.9518e30*t_s^6) + (2.1598e32*t^6*t_s^5*x07)/(2.5162e31*t_s^9 + 4.9518e30*t_s^6) - (1.2144e30*t^7*t_s^2*x07)/(2.5162e31*t_s^10 + 4.9518e30*t_s^7) + (7.8631e30*t^7*t_s^4*x05)/(2.5162e31*t_s^10 + 4.9518e30*t_s^7) + (5.5042e31*t^6*t_s^3*x12)/(2.5162e31*t_s^9 + 4.9518e30*t_s^6) + (3.5997e31*t^6*t_s^6*x09)/(2.5162e31*t_s^9 + 4.9518e30*t_s^6) - (4.0481e29*t^7*t_s^3*x09)/(2.5162e31*t_s^10 + 4.9518e30*t_s^7) - (3.0855e31*t^7*t_s^5*x07)/(2.5162e31*t_s^10 + 4.9518e30*t_s^7) - (7.8631e30*t^7*t_s^3*x12)/(2.5162e31*t_s^10 + 4.9518e30*t_s^7) - (5.1425e30*t^7*t_s^6*x09)/(2.5162e31*t_s^10 + 4.9518e30*t_s^7) + (1.6513e32*t^4*t_s*x05)/(2.5162e31*t_s^4 + 4.9518e30*t_s);
