function time_equ = quad_timePFF(x01, x02, x03, x04, x05, x06, x07, x08, x09, x010, x11, x12, x13)
time_equ = [ 4.2586e101, 0, - 8.6364e101*x06^2 - 6.7046e100*x09^2 - 6.7046e100*x010^2, 3.4546e102*x06*x13 - 1.2068e102*x07*x09 - 1.2068e102*x08*x010 - 3.4546e102*x03*x06 + 1.6761e101, - 2.5909e102*x03^2 + 5.1819e102*x03*x13 - 5.129e102*x07^2 - 5.129e102*x08^2 - 2.5909e102*x13^2 - 4.3057e101*x04*x010 + 4.3057e101*x05*x09, 5.7409e101*x02*x09 - 5.7409e101*x01*x010 - 3.4446e102*x04*x08 + 3.4446e102*x05*x07 - 5.7409e101*x09*x12 + 5.7409e101*x010*x11 - 3.3992e101*x06^2 - 1.0555e100*x09^2 - 1.0555e100*x010^2, - 5.4864e101*x04^2 - 5.4864e101*x05^2 - 4.3057e102*x01*x08 + 4.3057e102*x02*x07 - 1.3597e102*x03*x06 - 1.5833e101*x07*x09 - 1.5833e101*x08*x010 + 1.3597e102*x06*x13 - 4.3057e102*x07*x12 + 4.3057e102*x08*x11 + 1.6493e100, - 1.0198e102*x03^2 + 2.0395e102*x03*x13 - 4.9875e101*x07^2 - 4.9875e101*x08^2 - 1.0198e102*x13^2 - 1.3167e102*x01*x04 - 1.3167e102*x02*x05 - 6.7788e100*x04*x010 + 6.7788e100*x05*x09 + 1.3167e102*x04*x11 + 1.3167e102*x05*x12, - 7.6809e101*x01^2 - 1.0733e101*x01*x010 + 1.5362e102*x01*x11 - 7.6809e101*x02^2 + 1.0733e101*x02*x09 + 1.5362e102*x02*x12 - 3.3448e100*x06^2 - 1.8176e99*x09^2 - 1.0733e101*x09*x12 - 1.8176e99*x010^2 + 1.0733e101*x010*x11 - 7.6809e101*x11^2 - 7.6809e101*x12^2 - 4.0673e101*x04*x08 + 4.0673e101*x05*x07, - 7.0828e100*x04^2 - 7.0828e100*x05^2 - 6.1009e101*x01*x08 + 6.1009e101*x02*x07 - 1.3379e101*x03*x06 - 2.1811e100*x07*x09 - 2.1811e100*x08*x010 + 1.3379e101*x06*x13 - 6.1009e101*x07*x12 + 6.1009e101*x08*x11, - 1.0034e101*x03^2 + 2.0069e101*x03*x13 - 4.9076e100*x07^2 - 4.9076e100*x08^2 - 1.0034e101*x13^2 - 1.9175e101*x01*x04 - 1.9175e101*x02*x05 - 6.6702e99*x04*x010 + 6.6702e99*x05*x09 + 1.9175e101*x04*x11 + 1.9175e101*x05*x12, - 1.2093e101*x01^2 + 2.4185e101*x01*x11 - 8.8935e99*x010*x01 - 1.2093e101*x02^2 + 2.4185e101*x02*x12 + 8.8935e99*x09*x02 - 1.2093e101*x11^2 + 8.8935e99*x010*x11 - 1.2093e101*x12^2 - 8.8935e99*x09*x12 - 2.6681e100*x04*x08 + 2.6681e100*x05*x07, - 3.3997e99*x04^2 - 3.3997e99*x05^2 - 3.3351e100*x01*x08 + 3.3351e100*x02*x07 - 3.3351e100*x07*x12 + 3.3351e100*x08*x11, 8.1592e99*x04*x11 - 8.1592e99*x02*x05 - 8.1592e99*x01*x04 + 8.1592e99*x05*x12, - 4.7595e99*x01^2 + 9.5191e99*x01*x11 - 4.7595e99*x02^2 + 9.5191e99*x02*x12 - 4.7595e99*x11^2 - 4.7595e99*x12^2];
end