function time_equ = quad_timePFF(x01, x02, x03, x04, x05, x06, x07, x08, x09, x010, x11, x12, x13)
time_equ = [ 3.8535e175, 1.042e178, - 1.042e176*x06^2 - 9.1002e174*x09^2 - 9.1002e174*x010^2 + 7.0438e179, 6.2519e176*x06*x13 - 2.5481e176*x07*x09 - 2.5481e176*x08*x010 - 6.2519e176*x03*x06 - 2.1131e178*x06^2 - 2.4607e177*x09^2 - 2.4607e177*x010^2 + 3.6401e176, - 9.3779e176*x03^2 - 1.0566e179*x03*x06 + 1.8756e177*x03*x13 - 1.4285e180*x06^2 + 1.0566e179*x06*x13 - 1.7745e177*x07^2 - 6.89e178*x07*x09 - 1.7745e177*x08^2 - 6.89e178*x08*x010 - 1.6634e179*x09^2 + 1.4471e176*x05*x09 - 1.6634e179*x010^2 - 1.4471e176*x04*x010 - 9.3779e176*x13^2 + 9.8428e178, 3.1169e176*x02*x09 - 3.1169e176*x01*x010 - 5.7139e180*x03*x06 - 2.0037e177*x04*x08 + 2.0037e177*x05*x07 - 3.913e178*x04*x010 + 3.913e178*x05*x09 + 2.5358e179*x03*x13 - 4.6576e180*x07*x09 - 4.6576e180*x08*x010 + 5.7139e180*x06*x13 - 3.1169e176*x09*x12 + 3.1169e176*x010*x11 - 1.2679e179*x03^2 - 9.8428e176*x06^2 - 4.7984e179*x07^2 - 4.7984e179*x08^2 - 5.1578e175*x09^2 - 5.1578e175*x010^2 - 1.2679e179*x13^2 + 6.661e180, 4.2857e177*x02*x07 - 4.2857e177*x01*x08 - 5.9057e177*x03*x06 - 8.4281e178*x01*x010 + 8.4281e178*x02*x09 - 5.4181e179*x04*x08 + 5.4181e179*x05*x07 - 2.6452e180*x04*x010 + 2.6452e180*x05*x09 + 8.5709e180*x03*x13 - 1.2894e177*x07*x09 - 1.2894e177*x08*x010 + 5.9057e177*x06*x13 - 4.2857e177*x07*x12 + 4.2857e177*x08*x11 - 8.4281e178*x09*x12 + 8.4281e178*x010*x11 - 4.2855e180*x03^2 - 5.6169e176*x04^2 - 5.6169e176*x05^2 - 1.9961e179*x06^2 - 3.2437e181*x07^2 - 3.2437e181*x08^2 - 1.3947e178*x09^2 - 1.3947e178*x010^2 - 4.2855e180*x13^2 + 1.9646e180, 1.1589e180*x02*x07 - 2.3829e177*x02*x05 - 1.1589e180*x01*x08 - 2.3829e177*x01*x04 - 9.9806e179*x03*x06 - 5.6974e180*x01*x010 + 5.6974e180*x02*x09 - 3.6626e181*x04*x08 + 3.6626e181*x05*x07 - 6.7298e176*x04*x010 + 6.7298e176*x05*x09 + 2.3829e177*x04*x11 + 1.7717e178*x03*x13 - 3.4866e179*x07*x09 + 2.3829e177*x05*x12 - 3.4866e179*x08*x010 + 9.9806e179*x06*x13 - 1.1589e180*x07*x12 + 1.1589e180*x08*x11 - 5.6974e180*x09*x12 + 5.6974e180*x010*x11 - 8.8585e177*x03^2 - 1.5188e179*x04^2 - 1.5188e179*x05^2 - 1.3513e181*x06^2 - 8.0461e177*x07^2 - 8.0461e177*x08^2 - 9.4279e179*x09^2 - 9.4279e179*x010^2 - 8.8585e177*x13^2 + 1.3298e182, - 2.5021e177*x01^2 - 6.4435e179*x01*x04 - 7.8339e181*x01*x08 - 1.3985e177*x01*x010 + 5.0042e177*x01*x11 - 2.5021e177*x02^2 - 6.4435e179*x02*x05 + 7.8339e181*x02*x07 + 1.3985e177*x02*x09 + 5.0042e177*x02*x12 - 1.1977e180*x03^2 - 5.4093e181*x03*x06 + 2.3953e180*x03*x13 - 1.0267e181*x04^2 - 8.4017e177*x04*x08 - 1.8197e179*x04*x010 + 6.4435e179*x04*x11 - 1.0267e181*x05^2 + 8.4017e177*x05*x07 + 1.8197e179*x05*x09 + 6.4435e179*x05*x12 - 3.9848e180*x06^2 + 5.4093e181*x06*x13 - 2.1757e180*x07^2 - 2.357e181*x07*x09 - 7.8339e181*x07*x12 - 2.1757e180*x08^2 - 2.357e181*x08*x010 + 7.8339e181*x08*x11 - 1.624e176*x09^2 - 1.3985e177*x09*x12 - 1.624e176*x010^2 + 1.3985e177*x010*x11 - 2.5021e177*x11^2 - 2.5021e177*x12^2 - 1.1977e180*x13^2 + 1.575e181, - 6.7657e179*x01^2 - 4.3558e181*x01*x04 - 1.7518e178*x01*x08 - 3.7816e179*x01*x010 + 1.3531e180*x01*x11 - 6.7657e179*x02^2 - 4.3558e181*x02*x05 + 1.7518e178*x02*x07 + 3.7816e179*x02*x09 + 1.3531e180*x02*x12 - 4.0658e181*x03^2 - 1.9926e181*x03*x06 + 8.1316e181*x03*x13 - 2.1931e177*x04^2 - 2.2718e180*x04*x08 - 1.2302e181*x04*x010 + 4.3558e181*x04*x11 - 2.1931e177*x05^2 + 2.2718e180*x05*x07 + 1.2302e181*x05*x09 + 4.3558e181*x05*x12 - 2.6968e182*x06^2 + 1.9926e181*x06*x13 - 1.4708e182*x07^2 - 3.5729e177*x07*x09 - 1.7518e178*x07*x12 - 1.4708e182*x08^2 - 3.5729e177*x08*x010 + 1.7518e178*x08*x11 - 4.3914e178*x09^2 - 3.7816e179*x09*x12 - 4.3914e178*x010^2 + 3.7816e179*x010*x11 - 6.7657e179*x11^2 - 6.7657e179*x12^2 - 4.0658e181*x13^2 + 9.8546e180, - 4.5736e181*x01^2 - 9.139e177*x01*x04 - 4.737e180*x01*x08 - 2.5568e181*x01*x010 + 9.1472e181*x01*x11 - 4.5736e181*x02^2 - 9.139e177*x02*x05 + 4.737e180*x02*x07 + 2.5568e181*x02*x09 + 9.1472e181*x02*x12 - 2.3916e181*x03^2 - 1.0792e183*x03*x06 + 4.7831e181*x03*x13 - 5.9301e179*x04^2 - 1.5359e182*x04*x08 - 1.9068e179*x04*x010 + 9.139e177*x04*x11 - 5.9301e179*x05^2 + 1.5359e182*x05*x07 + 1.9068e179*x05*x09 + 9.139e177*x05*x12 - 3.1965e181*x06^2 + 1.0792e183*x06*x13 - 1.4102e180*x07^2 - 9.6611e179*x07*x09 - 4.737e180*x07*x12 - 1.4102e180*x08^2 - 9.6611e179*x08*x010 + 4.737e180*x08*x11 - 2.9727e180*x09^2 - 2.5568e181*x09*x12 - 2.9727e180*x010^2 + 2.5568e181*x010*x11 - 4.5736e181*x11^2 - 4.5736e181*x12^2 - 2.3916e181*x13^2 + 6.6651e182, - 9.4541e177*x01^2 - 2.4712e180*x01*x04 - 3.2029e182*x01*x08 - 9.9551e179*x01*x010 + 1.8908e178*x01*x11 - 9.4541e177*x02^2 - 2.4712e180*x02*x05 + 3.2029e182*x02*x07 + 9.9551e179*x02*x09 + 1.8908e178*x02*x12 - 8.1047e182*x03^2 - 1.2806e182*x03*x06 + 1.6209e183*x03*x13 - 4.0097e181*x04^2 - 5.1217e180*x04*x08 - 1.3212e181*x04*x010 + 2.4712e180*x04*x11 - 4.0097e181*x05^2 + 5.1217e180*x05*x07 + 1.3212e181*x05*x09 + 2.4712e180*x05*x12 - 1.9985e181*x06^2 + 1.2806e182*x06*x13 - 9.9185e181*x07^2 - 6.5392e181*x07*x09 - 3.2029e182*x07*x12 - 9.9185e181*x08^2 - 6.5392e181*x08*x010 + 3.2029e182*x08*x11 - 1.1225e180*x09^2 - 9.9551e179*x09*x12 - 1.1225e180*x010^2 + 9.9551e179*x010*x11 - 9.4541e177*x11^2 - 9.4541e177*x12^2 - 8.1047e182*x13^2 + 9.2532e181, - 2.5564e180*x01^2 - 1.6711e182*x01*x04 - 1.9882e181*x01*x08 - 6.786e181*x01*x010 + 5.1128e180*x01*x11 - 2.5564e180*x02^2 - 1.6711e182*x02*x05 + 1.9882e181*x02*x07 + 6.786e181*x02*x09 + 5.1128e180*x02*x12 - 9.6486e181*x03^2 - 9.9925e181*x03*x06 + 1.9297e182*x03*x13 - 2.5332e180*x04^2 - 3.4953e182*x04*x08 - 2.9085e181*x04*x010 + 1.6711e182*x04*x11 - 2.5332e180*x05^2 + 3.4953e182*x05*x07 + 2.9085e181*x05*x09 + 1.6711e182*x05*x12 - 1.3519e183*x06^2 + 9.9925e181*x06*x13 - 3.4772e182*x07^2 - 2.2451e181*x07*x09 - 1.9882e181*x07*x12 - 3.4772e182*x08^2 - 2.2451e181*x08*x010 + 1.9882e181*x08*x11 - 7.5937e181*x09^2 - 6.786e181*x09*x12 - 7.5937e181*x010^2 + 6.786e181*x010*x11 - 2.5564e180*x11^2 - 2.5564e180*x12^2 - 9.6486e181*x13^2 + 6.2572e183, - 1.7289e182*x01^2 - 1.5696e181*x01*x04 - 1.3497e183*x01*x08 - 5.0894e181*x01*x010 + 3.4578e182*x01*x11 - 1.7289e182*x02^2 - 1.5696e181*x02*x05 + 1.3497e183*x02*x07 + 5.0894e181*x02*x09 + 3.4578e182*x02*x12 - 1.1991e182*x03^2 - 5.4095e183*x03*x06 + 2.3982e182*x03*x13 - 1.7192e182*x04^2 - 2.9809e182*x04*x08 - 9.2882e180*x04*x010 + 1.5696e181*x04*x11 - 1.7192e182*x05^2 + 2.9809e182*x05*x07 + 9.2882e180*x05*x09 + 1.5696e181*x05*x12 - 1.8766e182*x06^2 + 5.4095e183*x06*x13 - 1.0817e182*x07^2 - 1.5186e183*x07*x09 - 1.3497e183*x07*x12 - 1.0817e182*x08^2 - 1.5186e183*x08*x010 + 1.3497e183*x08*x11 - 1.4566e181*x09^2 - 5.0894e181*x09*x12 - 1.4566e181*x010^2 + 5.0894e181*x010*x11 - 1.7289e182*x11^2 - 1.7289e182*x12^2 - 1.1991e182*x13^2 + 1.8528e182, - 2.126e181*x01^2 - 1.0633e183*x01*x04 - 5.0889e182*x01*x08 - 1.5004e181*x01*x010 + 4.252e181*x01*x11 - 2.126e181*x02^2 - 1.0633e183*x02*x05 + 5.0889e182*x02*x07 + 1.5004e181*x02*x09 + 4.252e181*x02*x12 - 4.0613e183*x03^2 - 9.3833e182*x03*x06 + 8.1226e183*x03*x13 - 6.1139e181*x04^2 - 8.6541e181*x04*x08 - 6.2823e182*x04*x010 + 1.0633e183*x04*x11 - 6.1139e181*x05^2 + 8.6541e181*x05*x07 + 6.2823e182*x05*x09 + 1.0633e183*x05*x12 - 1.269e184*x06^2 + 9.3833e182*x06*x13 - 7.3167e183*x07^2 - 2.6218e182*x07*x09 - 5.0889e182*x07*x12 - 7.3167e183*x08^2 - 2.6218e182*x08*x010 + 5.0889e182*x08*x11 - 9.8455e182*x09^2 - 1.5004e181*x09*x12 - 9.8455e182*x010^2 + 1.5004e181*x010*x11 - 2.126e181*x11^2 - 2.126e181*x12^2 - 4.0613e183*x13^2 + 5.4623e181, - 1.439e183*x01^2 - 2.0231e182*x01*x04 - 1.3785e182*x01*x08 - 1.0147e183*x01*x010 + 2.878e183*x01*x11 - 1.439e183*x02^2 - 2.0231e182*x02*x05 + 1.3785e182*x02*x07 + 1.0147e183*x02*x09 + 2.878e183*x02*x12 - 1.126e183*x03^2 - 5.0764e184*x03*x06 + 2.2521e183*x03*x13 - 1.68e181*x04^2 - 5.8529e183*x04*x08 - 9.3544e181*x04*x010 + 2.0231e182*x04*x11 - 1.68e181*x05^2 + 5.8529e183*x05*x07 + 9.3544e181*x05*x09 + 2.0231e182*x05*x12 - 3.7589e182*x06^2 + 5.0764e184*x06*x13 - 1.1143e183*x07^2 - 1.7722e184*x07*x09 - 1.3785e182*x07*x12 - 