function states = quad_statePFF(t,t_s,x01, x02, x03, x04, x05, x06, x07, x08, x09, x010, x11, x12, x13)
states = [x01 + t*x04 + 4.905*t^2*x08 + 1.635*t^3*x010 + (t^4*(9.4157e67*t^3*x01 - 9.4157e67*t^3*x11 - 3.2955e69*t_s^3*x01 - 2.7909e70*t_s^6*x01 - 3.2955e69*t_s^4*x04 - 3.3574e69*t_s^8*x01 - 2.7909e70*t_s^7*x04 - 1.7771e69*t_s^11*x01 - 1.6164e70*t_s^5*x08 - 2.558e69*t_s^9*x04 + 3.2955e69*t_s^3*x11 - 5.3881e69*t_s^6*x010 - 1.1734e71*t_s^8*x08 - 1.1001e69*t_s^12*x04 + 2.7909e70*t_s^6*x11 - 8.626e69*t_s^10*x08 + 3.3574e69*t_s^8*x11 - 2.6075e70*t_s^9*x010 - 1.5684e69*t_s^11*x010 - 2.9056e69*t_s^13*x08 + 1.7771e69*t_s^11*x11 - 4.1508e68*t_s^14*x010 + 1.9773e69*t*t_s^2*x01 - 6.591e68*t^2*t_s*x01 + 3.3491e70*t*t_s^5*x01 + 1.9773e69*t*t_s^3*x04 + 9.4157e67*t^3*t_s*x04 + 5.3718e69*t*t_s^7*x01 + 3.3491e70*t*t_s^6*x04 + 3.9096e69*t*t_s^10*x01 + 9.6986e69*t*t_s^4*x08 + 3.9329e69*t*t_s^8*x04 - 1.9773e69*t*t_s^2*x11 + 6.591e68*t^2*t_s*x11 + 3.2329e69*t*t_s^5*x010 + 1.3298e71*t*t_s^7*x08 + 2.2848e69*t*t_s^11*x04 - 3.3491e70*t*t_s^5*x11 + 1.2233e70*t*t_s^9*x08 - 5.3718e69*t*t_s^7*x11 + 2.3468e70*t*t_s^8*x010 + 1.7252e69*t*t_s^10*x010 + 5.396e69*t*t_s^12*x08 - 3.9096e69*t*t_s^10*x11 + 5.8111e68*t*t_s^13*x010 - 1.3955e70*t^2*t_s^4*x01 + 1.9935e69*t^3*t_s^3*x01 - 6.591e68*t^2*t_s^2*x04 - 2.9097e69*t^2*t_s^6*x01 + 5.7555e68*t^3*t_s^5*x01 - 1.3955e70*t^2*t_s^5*x04 + 1.9935e69*t^3*t_s^4*x04 - 2.9618e69*t^2*t_s^9*x01 + 7.6161e68*t^3*t_s^8*x01 - 3.2329e69*t^2*t_s^3*x08 - 2.1103e69*t^2*t_s^7*x04 + 4.6184e68*t^3*t_s^2*x08 + 4.1567e68*t^3*t_s^6*x04 - 1.0776e69*t^2*t_s^4*x010 - 5.4758e70*t^2*t_s^6*x08 - 1.6756e69*t^2*t_s^10*x04 + 1.5395e68*t^3*t_s^3*x010 + 7.8226e69*t^3*t_s^5*x08 + 4.2312e68*t^3*t_s^9*x04 + 1.3955e70*t^2*t_s^4*x11 - 1.9935e69*t^3*t_s^3*x11 - 6.4303e69*t^2*t_s^8*x08 + 1.2547e69*t^3*t_s^7*x08 + 2.9097e69*t^2*t_s^6*x11 - 9.1264e69*t^2*t_s^7*x010 - 5.7555e68*t^3*t_s^5*x11 + 1.3038e69*t^3*t_s^6*x010 - 8.3646e68*t^2*t_s^9*x010 - 3.7357e69*t^2*t_s^11*x08 + 1.5684e68*t^3*t_s^8*x010 + 9.1318e68*t^3*t_s^10*x08 + 2.9618e69*t^2*t_s^9*x11 - 7.6161e68*t^3*t_s^8*x11 - 3.5974e68*t^2*t_s^12*x010 + 8.3016e67*t^3*t_s^11*x010))/(t_s^7*(6.7699e67*t_s^8 + 3.1975e68*t_s^5 + 6.3793e69*t_s^3 + 1.8831e69));
                  x02 + t*x05 - 4.905*t^2*x07 - 1.635*t^3*x09 + (t^4*(9.4157e67*t^3*x02 - 9.4157e67*t^3*x12 - 3.2955e69*t_s^3*x02 - 2.7909e70*t_s^6*x02 - 3.2955e69*t_s^4*x05 - 3.3574e69*t_s^8*x02 + 1.6164e70*t_s^5*x07 - 2.7909e70*t_s^7*x05 - 1.7771e69*t_s^11*x02 - 2.558e69*t_s^9*x05 + 3.2955e69*t_s^3*x12 + 5.3881e69*t_s^6*x09 + 1.1734e71*t_s^8*x07 + 8.626e69*t_s^10*x07 - 1.1001e69*t_s^12*x05 + 2.7909e70*t_s^6*x12 + 2.6075e70*t_s^9*x09 + 3.3574e69*t_s^8*x12 + 1.5684e69*t_s^11*x09 + 2.9056e69*t_s^13*x07 + 1.7771e69*t_s^11*x12 + 4.1508e68*t_s^14*x09 + 1.9773e69*t*t_s^2*x02 - 6.591e68*t^2*t_s*x02 + 3.3491e70*t*t_s^5*x02 + 1.9773e69*t*t_s^3*x05 + 9.4157e67*t^3*t_s*x05 + 5.3718e69*t*t_s^7*x02 - 9.6986e69*t*t_s^4*x07 + 3.3491e70*t*t_s^6*x05 + 3.9096e69*t*t_s^10*x02 + 3.9329e69*t*t_s^8*x05 - 1.9773e69*t*t_s^2*x12 - 3.2329e69*t*t_s^5*x09 - 1.3298e71*t*t_s^7*x07 + 6.591e68*t^2*t_s*x12 - 1.2233e70*t*t_s^9*x07 + 2.2848e69*t*t_s^11*x05 - 3.3491e70*t*t_s^5*x12 - 2.3468e70*t*t_s^8*x09 - 5.3718e69*t*t_s^7*x12 - 1.7252e69*t*t_s^10*x09 - 5.396e69*t*t_s^12*x07 - 3.9096e69*t*t_s^10*x12 - 5.8111e68*t*t_s^13*x09 - 1.3955e70*t^2*t_s^4*x02 + 1.9935e69*t^3*t_s^3*x02 - 6.591e68*t^2*t_s^2*x05 - 2.9097e69*t^2*t_s^6*x02 + 5.7555e68*t^3*t_s^5*x02 + 3.2329e69*t^2*t_s^3*x07 - 1.3955e70*t^2*t_s^5*x05 - 4.6184e68*t^3*t_s^2*x07 + 1.9935e69*t^3*t_s^4*x05 - 2.9618e69*t^2*t_s^9*x02 + 7.6161e68*t^3*t_s^8*x02 - 2.1103e69*t^2*t_s^7*x05 + 4.1567e68*t^3*t_s^6*x05 + 1.0776e69*t^2*t_s^4*x09 + 5.4758e70*t^2*t_s^6*x07 - 1.5395e68*t^3*t_s^3*x09 - 7.8226e69*t^3*t_s^5*x07 + 6.4303e69*t^2*t_s^8*x07 - 1.6756e69*t^2*t_s^10*x05 - 1.2547e69*t^3*t_s^7*x07 + 4.2312e68*t^3*t_s^9*x05 + 1.3955e70*t^2*t_s^4*x12 + 9.1264e69*t^2*t_s^7*x09 - 1.9935e69*t^3*t_s^3*x12 - 1.3038e69*t^3*t_s^6*x09 + 2.9097e69*t^2*t_s^6*x12 + 8.3646e68*t^2*t_s^9*x09 + 3.7357e69*t^2*t_s^11*x07 - 5.7555e68*t^3*t_s^5*x12 - 1.5684e68*t^3*t_s^8*x09 - 9.1318e68*t^3*t_s^10*x07 + 2.9618e69*t^2*t_s^9*x12 + 3.5974e68*t^2*t_s^12*x09 - 7.6161e68*t^3*t_s^8*x12 - 8.3016e67*t^3*t_s^11*x09))/(t_s^7*(6.7699e67*t_s^8 + 3.1975e68*t_s^5 + 6.3793e69*t_s^3 + 1.8831e69));
                                                                                                                                                                                                                                                                                                                                                                                                                                                                                                                                                                                                                                                                                                                                                                                                                                                                                                                                                                                                                                                                                                                                                                                                                                                                                                                                                                                                                                                                                                                                                                                                                                                                                                                                                                                                                                                                                                                                        x03 + t*x06 + (t^2*(338.0*t*x03 - 338.0*t*x13) - 10.0*t^2*t_s^3*x06 + t^2*t_s*(1014.0*x13 - 1014.0*x03 + 10.0*t*x03 + 338.0*t*x06 - 10.0*t*x13) - 1.0*t^2*t_s^2*(15.0*x03 + 1014.0*x06 - 15.0*x13 - 5.0*t*x06))/(t_s^3*(5.0*t_s + 676.0));
