    function time_equ = DI_time(x01, x02, x03, x04, x11, x12, x13, x14)
    
    time_equ = [ 1, 0, ...
                - 4*x03^2 - 4*x03*x13 - 4*x04^2 - 4*x04*x14 - 4*x13^2 - 4*x14^2,...
                24*x03*x11 - 24*x02*x04 - 24*x01*x13 - 24*x01*x03 - 24*x02*x14 + 24*x04*x12 + 24*x11*x13 + 24*x12*x14,...
                - 36*x01^2 + 72*x01*x11 - 36*x02^2 + 72*x02*x12 - 36*x11^2 - 36*x12^2];
    end