function states = DI5_stateFreeVel(t,t_s,x01, x02, x03, x04, x05, x06, x07, x08, x09, x010, x011, x012, x013, x014, x015, x016, x017, x018, x019, x020, x11, x12, x13, x14, x15, x16, x17, x18, x19, x110)

states = [x01 + t*x011 + (t^2*(t - 3*t_s)*(x01 - x11 + t_s*x011))/(2*t_s^3);
    x02 + t*x012 + (t^2*(t - 3*t_s)*(x02 - x12 + t_s*x012))/(2*t_s^3);
    x03 + t*x013 + (t^2*(t - 3*t_s)*(x03 - x13 + t_s*x013))/(2*t_s^3);
    x04 + t*x014 + (t^2*(t - 3*t_s)*(x04 - x14 + t_s*x014))/(2*t_s^3);
    x05 + t*x015 + (t^2*(t - 3*t_s)*(x05 - x15 + t_s*x015))/(2*t_s^3);
    x06 + t*x016 + (t^2*(t - 3*t_s)*(x06 - x16 + t_s*x016))/(2*t_s^3);
    x07 + t*x017 + (t^2*(t - 3*t_s)*(x07 - x17 + t_s*x017))/(2*t_s^3);
    x08 + t*x018 + (t^2*(t - 3*t_s)*(x08 - x18 + t_s*x018))/(2*t_s^3);
    x09 + t*x019 + (t^2*(t - 3*t_s)*(x09 - x19 + t_s*x019))/(2*t_s^3);
 x010 + t*x020 + (t^2*(t - 3*t_s)*(x010 - x110 + t_s*x020))/(2*t_s^3);
            x011 + (3*t*(t - 2*t_s)*(x01 - x11 + t_s*x011))/(2*t_s^3);
            x012 + (3*t*(t - 2*t_s)*(x02 - x12 + t_s*x012))/(2*t_s^3);
            x013 + (3*t*(t - 2*t_s)*(x03 - x13 + t_s*x013))/(2*t_s^3);
            x014 + (3*t*(t - 2*t_s)*(x04 - x14 + t_s*x014))/(2*t_s^3);
            x015 + (3*t*(t - 2*t_s)*(x05 - x15 + t_s*x015))/(2*t_s^3);
            x016 + (3*t*(t - 2*t_s)*(x06 - x16 + t_s*x016))/(2*t_s^3);
            x017 + (3*t*(t - 2*t_s)*(x07 - x17 + t_s*x017))/(2*t_s^3);
            x018 + (3*t*(t - 2*t_s)*(x08 - x18 + t_s*x018))/(2*t_s^3);
            x019 + (3*t*(t - 2*t_s)*(x09 - x19 + t_s*x019))/(2*t_s^3);
          x020 + (3*t*(t - 2*t_s)*(x010 - x110 + t_s*x020))/(2*t_s^3)];

end