function time_equ = DI5_timeFreeVel(x01, x02, x03, x04, x05, x06, x07, x08, x09, x010, x011, x012, x013, x014, x015, x016, x017, x018, x019, x020, x11, x12, x13, x14, x15, x16, x17, x18, x19, x110)
time_equ = [ 1, 0, - 3*x011^2 - 3*x012^2 - 3*x013^2 - 3*x014^2 - 3*x015^2 - 3*x016^2 - 3*x017^2 - 3*x018^2 - 3*x019^2 - 3*x020^2, ...
    12*x011*x11 - 12*x02*x012 - 12*x03*x013 - 12*x04*x014 - 12*x05*x015 - 12*x06*x016 - 12*x01*x011 - 12*x07*x017 + 12*x012*x12 - 12*x08*x018 + 12*x013*x13 - 12*x09*x019 + 12*x014*x14 - 12*x010*x020 + 12*x015*x15 + 12*x016*x16 + 12*x017*x17 + 12*x018*x18 + 12*x019*x19 + 12*x020*x110, ...
    - 9*x01^2 + 18*x01*x11 - 9*x02^2 + 18*x02*x12 - 9*x03^2 + 18*x03*x13 - 9*x04^2 + 18*x04*x14 - 9*x05^2 + 18*x05*x15 - 9*x06^2 + 18*x06*x16 - 9*x07^2 + 18*x07*x17 - 9*x08^2 + 18*x08*x18 - 9*x09^2 + 18*x09*x19 - 9*x010^2 + 18*x010*x110 - 9*x11^2 - 9*x12^2 - 9*x13^2 - 9*x14^2 - 9*x15^2 - 9*x16^2 - 9*x17^2 - 9*x18^2 - 9*x19^2 - 9*x110^2];
end