    function time_equ = DI5_time(x01, x02, x03, x04, x05, x06, x07, x08, x09, x010, x011, x012, x013, x014, x015, x016, x017, x018, x019, x020, x11, x12, x13, x14, x15, x16, x17, x18, x19, x110, x111, x112, x113, x114, x115, x116, x117, x118, x119, x120)    
    time_equ = [ 1, 0, - 4*x011^2 - 4*x011*x111 - 4*x012^2 - 4*x012*x112 - 4*x013^2 - 4*x013*x113 - 4*x014^2 - 4*x014*x114 - 4*x015^2 - 4*x015*x115 - 4*x016^2 - 4*x016*x116 - 4*x017^2 - 4*x017*x117 - 4*x018^2 - 4*x018*x118 - 4*x019^2 - 4*x019*x119 - 4*x020^2 - 4*x020*x120 - 4*x111^2 - 4*x112^2 - 4*x113^2 - 4*x114^2 - 4*x115^2 - 4*x116^2 - 4*x117^2 - 4*x118^2 - 4*x119^2 - 4*x120^2, 24*x011*x11 - 24*x02*x012 - 24*x03*x013 - 24*x04*x014 - 24*x05*x015 - 24*x06*x016 - 24*x01*x011 - 24*x07*x017 + 24*x012*x12 - 24*x08*x018 + 24*x013*x13 - 24*x09*x019 + 24*x014*x14 - 24*x010*x020 + 24*x015*x15 + 24*x016*x16 + 24*x017*x17 + 24*x018*x18 + 24*x019*x19 - 24*x01*x111 - 24*x02*x112 - 24*x03*x113 - 24*x04*x114 - 24*x05*x115 - 24*x06*x116 + 24*x11*x111 - 24*x07*x117 + 24*x12*x112 - 24*x08*x118 + 24*x13*x113 - 24*x09*x119 + 24*x14*x114 - 24*x010*x120 + 24*x15*x115 + 24*x020*x110 + 24*x16*x116 + 24*x17*x117 + 24*x18*x118 + 24*x19*x119 + 24*x110*x120, - 36*x01^2 + 72*x01*x11 - 36*x02^2 + 72*x02*x12 - 36*x03^2 + 72*x03*x13 - 36*x04^2 + 72*x04*x14 - 36*x05^2 + 72*x05*x15 - 36*x06^2 + 72*x06*x16 - 36*x07^2 + 72*x07*x17 - 36*x08^2 + 72*x08*x18 - 36*x09^2 + 72*x09*x19 - 36*x010^2 + 72*x010*x110 - 36*x11^2 - 36*x12^2 - 36*x13^2 - 36*x14^2 - 36*x15^2 - 36*x16^2 - 36*x17^2 - 36*x18^2 - 36*x19^2 - 36*x110^2];
    end