function time_equ = quad_timePFF(x01, x02, x03, x04, x05, x06, x07, x08, x09, x010, x11, x12, x13)
time_equ = [ 4.2586e101, 0, - 8.6364e101*x06^2 - 6.7046e100*x09^2 - 6.7046e100*x010^2, 3.4546e102*x06*x13 - 1.2068e102*x07*x09 - 1.2068e102*x08*x010 - 3.4546e102*x03*x06 + 2.5142e101, - 2.5909e102*x03^2 + 5.1819e102*x03*x13 - 5.129e102*x07^2 - 5.129e102*x08^2 - 2.5909e102*x13^2 - 4.3057e101*x04*x010 + 4.3057e101*x05*x09, 5.7409e101*x02*x09 - 5.7409e101*x01*x010 - 3.4446e102*x04*x08 + 3.4446e102*x05*x07 - 5.7409e101*x09*x12 + 5.7409e101*x010*x11 - 5.0988e101*x06^2 - 1.5833e100*x09^2 - 1.5833e100*x010^2, - 5.4864e101*x04^2 - 5.4864e101*x05^2 - 4.3057e102*x01*x08 + 4.3057e102*x02*x07 - 2.0395e102*x03*x06 - 2.375e101*x07*x09 - 2.375e101*x08*x010 + 2.0395e102*x06*x13 - 4.3057e102*x07*x12 + 4.3057e102*x08*x11 + 3.7109e100, - 1.5297e102*x03^2 + 3.0593e102*x03*x13 - 7.4812e101*x07^2 - 7.4812e101*x08^2 - 1.5297e102*x13^2 - 1.3167e102*x01*x04 - 1.3167e102*x02*x05 - 1.0168e101*x04*x010 + 1.0168e101*x05*x09 + 1.3167e102*x04*x11 + 1.3167e102*x05*x12, - 7.6809e101*x01^2 - 1.61e101*x01*x010 + 1.5362e102*x01*x11 - 7.6809e101*x02^2 + 1.61e101*x02*x09 + 1.5362e102*x02*x12 - 7.5257e100*x06^2 - 4.0896e99*x09^2 - 1.61e101*x09*x12 - 4.0896e99*x010^2 + 1.61e101*x010*x11 - 7.6809e101*x11^2 - 7.6809e101*x12^2 - 6.1009e101*x04*x08 + 6.1009e101*x05*x07, - 1.0624e101*x04^2 - 1.0624e101*x05^2 - 9.1513e101*x01*x08 + 9.1513e101*x02*x07 - 3.0103e101*x03*x06 - 4.9076e100*x07*x09 - 4.9076e100*x08*x010 + 3.0103e101*x06*x13 - 9.1513e101*x07*x12 + 9.1513e101*x08*x11, - 2.2577e101*x03^2 + 4.5154e101*x03*x13 - 1.1042e101*x07^2 - 1.1042e101*x08^2 - 2.2577e101*x13^2 - 2.8763e101*x01*x04 - 2.8763e101*x02*x05 - 1.5008e100*x04*x010 + 1.5008e100*x05*x09 + 2.8763e101*x04*x11 + 2.8763e101*x05*x12, - 1.8139e101*x01^2 + 3.6278e101*x01*x11 - 2.001e100*x010*x01 - 1.8139e101*x02^2 + 3.6278e101*x02*x12 + 2.001e100*x09*x02 - 1.8139e101*x11^2 + 2.001e100*x010*x11 - 1.8139e101*x12^2 - 2.001e100*x09*x12 - 6.0031e100*x04*x08 + 6.0031e100*x05*x07, - 7.6493e99*x04^2 - 7.6493e99*x05^2 - 7.5039e100*x01*x08 + 7.5039e100*x02*x07 - 7.5039e100*x07*x12 + 7.5039e100*x08*x11, 1.8358e100*x04*x11 - 1.8358e100*x02*x05 - 1.8358e100*x01*x04 + 1.8358e100*x05*x12, - 1.0709e100*x01^2 + 2.1418e100*x01*x11 - 1.0709e100*x02^2 + 2.1418e100*x02*x12 - 1.0709e100*x11^2 - 1.0709e100*x12^2];
end