function states = quad_state(t,t_s,x01, x02, x03, x04, x05, x06, x07, x08, x09, x010, x11, x12, x13, x14, x15, x16, x17, x18, x19, x110)
states = [x11 + x14*(t - t_s) + (981*x18*(t - t_s)^2)/200 + (327*x110*(t - t_s)^3)/200 + (629047833594931802043777548288*(t - t_s)^7*(4000*x01 - 4000*x11 + 2000*t_s*x04 + 2000*t_s*x14 + 3924*t_s^2*x08 + 327*t_s^3*x010 - 3924*t_s^2*x18 + 327*t_s^3*x110))/(125809566718986354926519634241205*t_s^7) + (1887143500784795406131332644864*(t - t_s)^5*(5600*x01 - 5600*x11 + 2600*t_s*x04 + 3000*t_s*x14 + 4578*t_s^2*x08 + 327*t_s^3*x010 - 6540*t_s^2*x18 + 654*t_s^3*x110))/(125809566718986354926519634241205*t_s^5) + (629047833594931802043777548288*(t - t_s)^4*(7000*x01 - 7000*x11 + 3000*t_s*x04 + 4000*t_s*x14 + 4905*t_s^2*x08 + 327*t_s^3*x010 - 9810*t_s^2*x18 + 1308*t_s^3*x110))/(125809566718986354926519634241205*t_s^4) + (629047833594931802043777548288*(t - t_s)^6*(14000*x01 - 14000*x11 + 6800*t_s*x04 + 7200*t_s*x14 + 12753*t_s^2*x08 + 981*t_s^3*x010 - 14715*t_s^2*x18 + 1308*t_s^3*x110))/(125809566718986354926519634241205*t_s^6);
                 x12 + x15*(t - t_s) - (981*x17*(t - t_s)^2)/200 - (327*x19*(t - t_s)^3)/200 + (629047833594931802043777548288*(t - t_s)^7*(4000*x02 - 4000*x12 + 2000*t_s*x05 + 2000*t_s*x15 - 3924*t_s^2*x07 - 327*t_s^3*x09 + 3924*t_s^2*x17 - 327*t_s^3*x19))/(125809566718986354926519634241205*t_s^7) + (1887143500784795406131332644864*(t - t_s)^5*(5600*x02 - 5600*x12 + 2600*t_s*x05 + 3000*t_s*x15 - 4578*t_s^2*x07 - 327*t_s^3*x09 + 6540*t_s^2*x17 - 654*t_s^3*x19))/(125809566718986354926519634241205*t_s^5) + (629047833594931802043777548288*(t - t_s)^4*(7000*x02 - 7000*x12 + 3000*t_s*x05 + 4000*t_s*x15 - 4905*t_s^2*x07 - 327*t_s^3*x09 + 9810*t_s^2*x17 - 1308*t_s^3*x19))/(125809566718986354926519634241205*t_s^4) + (629047833594931802043777548288*(t - t_s)^6*(14000*x02 - 14000*x12 + 6800*t_s*x05 + 7200*t_s*x15 - 12753*t_s^2*x07 - 981*t_s^3*x09 + 14715*t_s^2*x17 - 1308*t_s^3*x19))/(125809566718986354926519634241205*t_s^6);
                                                                                                                                                                                                                                                                                                                                                                                                                                                                                                                                                                                                                                                                                                                                                                                                                      x13 + x16*(t - t_s) + ((t - t_s)^3*(2*x03 - 2*x13 + t_s*x06 + t_s*x16))/t_s^3 + ((t - t_s)^2*(3*x03 - 3*x13 + t_s*x06 + 2*t_s*x16))/t_s^2;
              x14 + x18*((981*t)/100 - (981*t_s)/100) + (981*x110*(t - t_s)^2)/200 + (4403334835164522614306442838016*(t - t_s)^6*(4000*x01 - 4000*x11 + 2000*t_s*x04 + 2000*t_s*x14 + 3924*t_s^2*x08 + 327*t_s^3*x010 - 3924*t_s^2*x18 + 327*t_s^3*x110))/(125809566718986354926519634241205*t_s^7) + (1887143500784795406131332644864*(t - t_s)^4*(5600*x01 - 5600*x11 + 2600*t_s*x04 + 3000*t_s*x14 + 4578*t_s^2*x08 + 327*t_s^3*x010 - 6540*t_s^2*x18 + 654*t_s^3*x110))/(25161913343797270985303926848241*t_s^5) + (2516191334379727208175110193152*(t - t_s)^3*(7000*x01 - 7000*x11 + 3000*t_s*x04 + 4000*t_s*x14 + 4905*t_s^2*x08 + 327*t_s^3*x010 - 9810*t_s^2*x18 + 1308*t_s^3*x110))/(125809566718986354926519634241205*t_s^4) + (3774287001569590812262665289728*(t - t_s)^5*(14000*x01 - 14000*x11 + 6800*t_s*x04 + 7200*t_s*x14 + 12753*t_s^2*x08 + 981*t_s^3*x010 - 14715*t_s^2*x18 + 1308*t_s^3*x110))/(125809566718986354926519634241205*t_s^6);
                       x15 - x17*((981*t)/100 - (981*t_s)/100) - (981*x19*(t - t_s)^2)/200 + (4403334835164522614306442838016*(t - t_s)^6*(4000*x02 - 4000*x12 + 2000*t_s*x05 + 2000*t_s*x15 - 3924*t_s^2*x07 - 327*t_s^3*x09 + 3924*t_s^2*x17 - 327*t_s^3*x19))/(125809566718986354926519634241205*t_s^7) + (1887143500784795406131332644864*(t - t_s)^4*(5600*x02 - 5600*x12 + 2600*t_s*x05 + 3000*t_s*x15 - 4578*t_s^2*x07 - 327*t_s^3*x09 + 6540*t_s^2*x17 - 654*t_s^3*x19))/(25161913343797270985303926848241*t_s^5) + (2516191334379727208175110193152*(t - t_s)^3*(7000*x02 - 7000*x12 + 3000*t_s*x05 + 4000*t_s*x15 - 4905*t_s^2*x07 - 327*t_s^3*x09 + 9810*t_s^2*x17 - 1308*t_s^3*x19))/(125809566718986354926519634241205*t_s^4) + (3774287001569590812262665289728*(t - t_s)^5*(14000*x02 - 14000*x12 + 6800*t_s*x05 + 7200*t_s*x15 - 12753*t_s^2*x07 - 981*t_s^3*x09 + 14715*t_s^2*x17 - 1308*t_s^3*x19))/(125809566718986354926519634241205*t_s^6);
                                                                                                                                                                                                                                                                                                                                                                                                                                                                                                                                                                                                                                                                                                                                                                                                        x16 + (169*((250*t)/169 - (250*t_s)/169)*(3*x03 - 3*x13 + t_s*x06 + 2*t_s*x16))/(125*t_s^2) + (3*(t - t_s)^2*(2*x03 - 2*x13 + t_s*x06 + t_s*x16))/t_s^3;
                                                           x17 + x19*(t - t_s) - (176133393406580904572257713520640*(t - t_s)^5*(4000*x02 - 4000*x12 + 2000*t_s*x05 + 2000*t_s*x15 - 3924*t_s^2*x07 - 327*t_s^3*x09 + 3924*t_s^2*x17 - 327*t_s^3*x19))/(8227945663421707612194384079374807*t_s^7) - (251619133437972720817511019315200*(t - t_s)^3*(5600*x02 - 5600*x12 + 2600*t_s*x05 + 3000*t_s*x15 - 4578*t_s^2*x07 - 327*t_s^3*x09 + 6540*t_s^2*x17 - 654*t_s^3*x19))/(8227945663421707612194384079374807*t_s^5) - (50323826687594544163502203863040*(t - t_s)^2*(7000*x02 - 7000*x12 + 3000*t_s*x05 + 4000*t_s*x15 - 4905*t_s^2*x07 - 327*t_s^3*x09 + 9810*t_s^2*x17 - 1308*t_s^3*x19))/(8227945663421707612194384079374807*t_s^4) - (125809566718986360408755509657600*(t - t_s)^4*(14000*x02 - 14000*x12 + 6800*t_s*x05 + 7200*t_s*x15 - 12753*t_s^2*x07 - 981*t_s^3*x09 + 14715*t_s^2*x17 - 1308*t_s^3*x19))/(8227945663421707612194384079374807*t_s^6);
                                                  x18 + x110*(t - t_s) + (176133393406580904572257713520640*(t - t_s)^5*(4000*x01 - 4000*x11 + 2000*t_s*x04 + 2000*t_s*x14 + 3924*t_s^2*x08 + 327*t_s^3*x010 - 3924*t_s^2*x18 + 327*t_s^3*x110))/(8227945663421707612194384079374807*t_s^7) + (251619133437972720817511019315200*(t - t_s)^3*(5600*x01 - 5600*x11 + 2600*t_s*x04 + 3000*t_s*x14 + 4578*t_s^2*x08 + 327*t_s^3*x010 - 6540*t_s^2*x18 + 654*t_s^3*x110))/(8227945663421707612194384079374807*t_s^5) + (50323826687594544163502203863040*(t - t_s)^2*(7000*x01 - 7000*x11 + 3000*t_s*x04 + 4000*t_s*x14 + 4905*t_s^2*x08 + 327*t_s^3*x010 - 9810*t_s^2*x18 + 1308*t_s^3*x110))/(8227945663421707612194384079374807*t_s^4) + (125809566718986360408755509657600*(t - t_s)^4*(14000*x01 - 14000*x11 + 6800*t_s*x04 + 7200*t_s*x14 + 12753*t_s^2*x08 + 981*t_s^3*x010 - 14715*t_s^2*x18 + 1308*t_s^3*x110))/(8227945663421707612194384079374807*t_s^6);
