function time_equ = quad_time(x01, x02, x03, x04, x05, x06, x07, x08, x09, x010, x11, x12, x13, x14, x15, x16, x17, x18, x19, x110)
time_equ = [ 1, 0, - (338*x06*x16)/125 - (3169126500570573503741758013440*x09*x19)/25161913343797270985303926848241 - (3169126500570573503741758013440*x010*x110)/25161913343797270985303926848241 - (338*x06^2)/125 - (6338253001141147007483516026880*x09^2)/25161913343797270985303926848241 - (6338253001141147007483516026880*x010^2)/25161913343797270985303926848241 - (338*x16^2)/125 - (6338253001141147007483516026880*x19^2)/25161913343797270985303926848241 - (6338253001141147007483516026880*x110^2)/25161913343797270985303926848241, (2028*x06*x13)/125 - (190147590034234410224505480806400*x07*x09)/25161913343797270985303926848241 - (190147590034234410224505480806400*x08*x010)/25161913343797270985303926848241 - (2028*x03*x16)/125 - (2028*x03*x06)/125 - (95073795017117205112252740403200*x07*x19)/25161913343797270985303926848241 + (95073795017117205112252740403200*x09*x17)/25161913343797270985303926848241 + (95073795017117205112252740403200*x010*x18)/25161913343797270985303926848241 + (2028*x13*x16)/125 + (190147590034234410224505480806400*x17*x19)/25161913343797270985303926848241 - (95073795017117205112252740403200*x08*x110)/25161913343797270985303926848241 + (190147590034234410224505480806400*x18*x110)/25161913343797270985303926848241, (12676506002282294014967032053760000*x05*x09)/2742648554473902537398128026458269 - (12676506002282294014967032053760000*x04*x010)/2742648554473902537398128026458269 + (6084*x03*x13)/125 + (9507379501711720511225274040320000*x05*x19)/2742648554473902537398128026458269 + (1996549695359461307357307548467200*x07*x17)/25161913343797270985303926848241 + (9507379501711720511225274040320000*x09*x15)/2742648554473902537398128026458269 - (9507379501711720511225274040320000*x010*x14)/2742648554473902537398128026458269 + (1996549695359461307357307548467200*x08*x18)/25161913343797270985303926848241 + (12676506002282294014967032053760000*x15*x19)/2742648554473902537398128026458269 - (9507379501711720511225274040320000*x04*x110)/2742648554473902537398128026458269 - (12676506002282294014967032053760000*x14*x110)/2742648554473902537398128026458269 - (3042*x03^2)/125 - (1426106925256758076683791106048000*x07^2)/25161913343797270985303926848241 - (1426106925256758076683791106048000*x08^2)/25161913343797270985303926848241 - (3042*x13^2)/125 - (1426106925256758076683791106048000*x17^2)/25161913343797270985303926848241 - (1426106925256758076683791106048000*x18^2)/25161913343797270985303926848241, (88735542015976058104769224376320000*x02*x09)/8227945663421707612194384079374807 - (88735542015976058104769224376320000*x01*x010)/8227945663421707612194384079374807 - (190147590034234410224505480806400000*x04*x08)/2742648554473902537398128026458269 + (190147590034234410224505480806400000*x05*x07)/2742648554473902537398128026458269 + (88735542015976058104769224376320000*x02*x19)/8227945663421707612194384079374807 - (88735542015976058104769224376320000*x09*x12)/8227945663421707612194384079374807 + (88735542015976058104769224376320000*x010*x11)/8227945663421707612194384079374807 + (164794578029669822194571416698880000*x04*x18)/2742648554473902537398128026458269 - (164794578029669822194571416698880000*x05*x17)/2742648554473902537398128026458269 + (164794578029669822194571416698880000*x07*x15)/2742648554473902537398128026458269 - (164794578029669822194571416698880000*x08*x14)/2742648554473902537398128026458269 - (88735542015976058104769224376320000*x12*x19)/8227945663421707612194384079374807 + (190147590034234410224505480806400000*x14*x18)/2742648554473902537398128026458269 - (190147590034234410224505480806400000*x15*x17)/2742648554473902537398128026458269 - (88735542015976058104769224376320000*x01*x110)/8227945663421707612194384079374807 + (88735542015976058104769224376320000*x11*x110)/8227945663421707612194384079374807, (443677710079880290523846121881600000*x02*x07)/2742648554473902537398128026458269 - (443677710079880290523846121881600000*x01*x08)/2742648554473902537398128026458269 - (107750301019399499127219772456960000000*x04*x14)/2690538231938898389187563593955561889 + (443677710079880290523846121881600000*x01*x18)/2742648554473902537398128026458269 - (443677710079880290523846121881600000*x02*x17)/2742648554473902537398128026458269 - (443677710079880290523846121881600000*x07*x12)/2742648554473902537398128026458269 + (443677710079880290523846121881600000*x08*x11)/2742648554473902537398128026458269 - (107750301019399499127219772456960000000*x05*x15)/2690538231938898389187563593955561889 - (443677710079880290523846121881600000*x11*x18)/2742648554473902537398128026458269 + (443677710079880290523846121881600000*x12*x17)/2742648554473902537398128026458269 - (6338253001141147007483516026880000000*x04^2)/298948692437655376576395954883951321 - (6338253001141147007483516026880000000*x05^2)/298948692437655376576395954883951321 - (6338253001141147007483516026880000000*x14^2)/298948692437655376576395954883951321 - (6338253001141147007483516026880000000*x15^2)/298948692437655376576395954883951321, (88735542015976058104769224376320000000*x04*x11)/896846077312966129729187864651853963 - (88735542015976058104769224376320000000*x02*x05)/896846077312966129729187864651853963 - (88735542015976058104769224376320000000*x01*x14)/896846077312966129729187864651853963 - (88735542015976058104769224376320000000*x01*x04)/896846077312966129729187864651853963 - (88735542015976058104769224376320000000*x02*x15)/896846077312966129729187864651853963 + (88735542015976058104769224376320000000*x05*x12)/896846077312966129729187864651853963 + (88735542015976058104769224376320000000*x11*x14)/896846077312966129729187864651853963 + (88735542015976058104769224376320000000*x12*x15)/896846077312966129729187864651853963, (621148794111832406733384570634240000000*x01*x11)/2690538231938898389187563593955561889 + (621148794111832406733384570634240000000*x02*x12)/2690538231938898389187563593955561889 - (310574397055916203366692285317120000000*x01^2)/2690538231938898389187563593955561889 - (310574397055916203366692285317120000000*x02^2)/2690538231938898389187563593955561889 - (310574397055916203366692285317120000000*x11^2)/2690538231938898389187563593955561889 - (310574397055916203366692285317120000000*x12^2)/2690538231938898389187563593955561889];
end