function time_equ = quad_timePFF(x01, x02, x03, x04, x05, x06, x07, x08, x09, x010, x11, x12, x13)
time_equ = [ 9.6337e176, 5.2099e178, - 2.605e177*x06^2 - 2.2751e176*x09^2 - 2.2751e176*x010^2 + 7.0438e179, 1.563e178*x06*x13 - 6.3702e177*x07*x09 - 6.3702e177*x08*x010 - 1.563e178*x03*x06 - 1.0566e179*x06^2 - 1.2304e178*x09^2 - 1.2304e178*x010^2 + 9.1002e177, - 2.3445e178*x03^2 - 5.2829e179*x03*x06 + 4.6889e178*x03*x13 - 1.4285e180*x06^2 + 5.2829e179*x06*x13 - 4.4364e178*x07^2 - 3.445e179*x07*x09 - 4.4364e178*x08^2 - 3.445e179*x08*x010 - 1.6634e179*x09^2 + 3.6178e177*x05*x09 - 1.6634e179*x010^2 - 3.6178e177*x04*x010 - 2.3445e178*x13^2 + 4.9214e179, 7.7922e177*x02*x09 - 7.7922e177*x01*x010 - 5.7139e180*x03*x06 - 5.0093e178*x04*x08 + 5.0093e178*x05*x07 - 1.9565e179*x04*x010 + 1.9565e179*x05*x09 + 1.2679e180*x03*x13 - 4.6576e180*x07*x09 - 4.6576e180*x08*x010 + 5.7139e180*x06*x13 - 7.7922e177*x09*x12 + 7.7922e177*x010*x11 - 6.3394e179*x03^2 - 2.4607e178*x06^2 - 2.3992e180*x07^2 - 2.3992e180*x08^2 - 1.2894e177*x09^2 - 1.2894e177*x010^2 - 6.3394e179*x13^2 + 6.69e180, 1.0714e179*x02*x07 - 1.0714e179*x01*x08 - 1.4764e179*x03*x06 - 4.214e179*x01*x010 + 4.214e179*x02*x09 - 2.709e180*x04*x08 + 2.709e180*x05*x07 - 2.6452e180*x04*x010 + 2.6452e180*x05*x09 + 8.5709e180*x03*x13 - 3.2236e178*x07*x09 - 3.2236e178*x08*x010 + 1.4764e179*x06*x13 - 1.0714e179*x07*x12 + 1.0714e179*x08*x11 - 4.214e179*x09*x12 + 4.214e179*x010*x11 - 4.2855e180*x03^2 - 1.4042e178*x04^2 - 1.4042e178*x05^2 - 9.9806e179*x06^2 - 3.2437e181*x07^2 - 3.2437e181*x08^2 - 6.9733e178*x09^2 - 6.9733e178*x010^2 - 4.2855e180*x13^2 + 1.9852e180, 5.7943e180*x02*x07 - 5.9574e178*x02*x05 - 5.7943e180*x01*x08 - 5.9574e178*x01*x04 - 4.9903e180*x03*x06 - 5.6974e180*x01*x010 + 5.6974e180*x02*x09 - 3.6626e181*x04*x08 + 3.6626e181*x05*x07 - 1.6824e178*x04*x010 + 1.6824e178*x05*x09 + 5.9574e178*x04*x11 + 4.4293e179*x03*x13 - 1.7433e180*x07*x09 + 5.9574e178*x05*x12 - 1.7433e180*x08*x010 + 4.9903e180*x06*x13 - 5.7943e180*x07*x12 + 5.7943e180*x08*x11 - 5.6974e180*x09*x12 + 5.6974e180*x010*x11 - 2.2146e179*x03^2 - 7.5941e179*x04^2 - 7.5941e179*x05^2 - 1.3592e181*x06^2 - 2.0115e179*x07^2 - 2.0115e179*x08^2 - 9.4279e179*x09^2 - 9.4279e179*x010^2 - 2.2146e179*x13^2 + 2.7712e181, - 6.2552e178*x01^2 - 3.2217e180*x01*x04 - 7.8339e181*x01*x08 - 3.4963e178*x01*x010 + 1.251e179*x01*x11 - 6.2552e178*x02^2 - 3.2217e180*x02*x05 + 7.8339e181*x02*x07 + 3.4963e178*x02*x09 + 1.251e179*x02*x12 - 5.9884e180*x03^2 - 5.4564e181*x03*x06 + 1.1977e181*x03*x13 - 1.0267e181*x04^2 - 2.1004e179*x04*x08 - 9.0987e179*x04*x010 + 3.2217e180*x04*x11 - 1.0267e181*x05^2 + 2.1004e179*x05*x07 + 9.0987e179*x05*x09 + 3.2217e180*x05*x12 - 4.0406e180*x06^2 + 5.4564e181*x06*x13 - 1.0878e181*x07^2 - 2.357e181*x07*x09 - 7.8339e181*x07*x12 - 1.0878e181*x08^2 - 2.357e181*x08*x010 + 7.8339e181*x08*x11 - 4.0601e177*x09^2 - 3.4963e178*x09*x12 - 4.0601e177*x010^2 + 3.4963e178*x010*x11 - 6.2552e178*x11^2 - 6.2552e178*x12^2 - 5.9884e180*x13^2 + 1.5895e181, - 3.3828e180*x01^2 - 4.3558e181*x01*x04 - 4.3796e179*x01*x08 - 1.8908e180*x01*x010 + 6.7657e180*x01*x11 - 3.3828e180*x02^2 - 4.3558e181*x02*x05 + 4.3796e179*x02*x07 + 1.8908e180*x02*x09 + 6.7657e180*x02*x12 - 4.1365e181*x03^2 - 2.0261e181*x03*x06 + 8.273e181*x03*x13 - 5.4827e178*x04^2 - 1.1359e181*x04*x08 - 1.2305e181*x04*x010 + 4.3558e181*x04*x11 - 5.4827e178*x05^2 + 1.1359e181*x05*x07 + 1.2305e181*x05*x09 + 4.3558e181*x05*x12 - 5.62e181*x06^2 + 2.0261e181*x06*x13 - 1.471e182*x07^2 - 8.9322e178*x07*x09 - 4.3796e179*x07*x12 - 1.471e182*x08^2 - 8.9322e178*x08*x010 + 4.3796e179*x08*x11 - 2.1957e179*x09^2 - 1.8908e180*x09*x12 - 2.1957e179*x010^2 + 1.8908e180*x010*x11 - 3.3828e180*x11^2 - 3.3828e180*x12^2 - 4.1365e181*x13^2 + 9.8546e180, - 4.5736e181*x01^2 - 2.2847e179*x01*x04 - 2.3685e181*x01*x08 - 2.5582e181*x01*x010 + 9.1472e181*x01*x11 - 4.5736e181*x02^2 - 2.2847e179*x02*x05 + 2.3685e181*x02*x07 + 2.5582e181*x02*x09 + 9.1472e181*x02*x12 - 2.4418e181*x03^2 - 2.2716e182*x03*x06 + 4.8835e181*x03*x13 - 2.9651e180*x04^2 - 1.5367e182*x04*x08 - 2.2882e179*x04*x010 + 2.2847e179*x04*x11 - 2.9651e180*x05^2 + 1.5367e182*x05*x07 + 2.2882e179*x05*x09 + 2.2847e179*x05*x12 - 3.2359e181*x06^2 + 2.2716e182*x06*x13 - 1.8663e180*x07^2 - 4.8305e180*x07*x09 - 2.3685e181*x07*x12 - 1.8663e180*x08^2 - 4.8305e180*x08*x010 + 2.3685e181*x08*x11 - 2.9893e180*x09^2 - 2.5582e181*x09*x12 - 2.9893e180*x010^2 + 2.5582e181*x010*x11 - 4.5736e181*x11^2 - 4.5736e181*x12^2 - 2.4418e181*x13^2 + 1.3358e182, - 2.3635e179*x01^2 - 1.2356e181*x01*x04 - 3.2059e182*x01*x08 - 1.0623e180*x01*x010 + 4.7271e179*x01*x11 - 2.3635e179*x02^2 - 1.2356e181*x02*x05 + 3.2059e182*x02*x07 + 1.0623e180*x02*x09 + 4.7271e179*x02*x12 - 1.7567e182*x03^2 - 1.3042e182*x03*x06 + 3.5134e182*x03*x13 - 4.0135e181*x04^2 - 5.5127e180*x04*x08 - 4.7052e180*x04*x010 + 1.2356e181*x04*x11 - 4.0135e181*x05^2 + 5.5127e180*x05*x07 + 4.7052e180*x05*x09 + 1.2356e181*x05*x12 - 1.9985e181*x06^2 + 1.3042e182*x06*x13 - 4.4499e181*x07^2 - 6.5724e181*x07*x09 - 3.2059e182*x07*x12 - 4.4499e181*x08^2 - 6.5724e181*x08*x010 + 3.2059e182*x08*x11 - 1.1225e180*x09^2 - 1.0623e180*x09*x12 - 1.1225e180*x010^2 + 1.0623e180*x010*x11 - 2.3635e179*x11^2 - 2.3635e179*x12^2 - 1.7567e182*x13^2 + 1.8555e181, - 1.2782e181*x01^2 - 1.6734e182*x01*x04 - 2.055e181*x01*x08 - 1.7182e181*x01*x010 + 2.5564e181*x01*x11 - 1.2782e181*x02^2 - 1.6734e182*x02*x05 + 2.055e181*x02*x07 + 1.7182e181*x02*x09 + 2.5564e181*x02*x12 - 1.0003e182*x03^2 - 9.9925e181*x03*x06 + 2.0007e182*x03*x13 - 2.6134e180*x04^2 - 9.105e181*x04*x08 - 2.9222e181*x04*x010 + 1.6734e182*x04*x11 - 2.6134e180*x05^2 + 9.105e181*x05*x07 + 2.9222e181*x05*x09 + 1.6734e182*x05*x12 - 2.7112e182*x06^2 + 9.9925e181*x06*x13 - 3.4932e182*x07^2 - 2.2451e181*x07*x09 - 2.055e181*x07*x12 - 3.4932e182*x08^2 - 2.2451e181*x08*x010 + 2.055e181*x08*x11 - 1.5231e181*x09^2 - 1.7182e181*x09*x12 - 1.5231e181*x010^2 + 1.7182e181*x010*x11 - 1.2782e181*x11^2 - 1.2782e181*x12^2 - 1.0003e182*x13^2 + 2.5292e182, - 1.7321e182*x01^2 - 1.5962e181*x01*x04 - 3.0604e182*x01*x08 - 5.1116e181*x01*x010 + 3.4641e182*x01*x11 - 1.7321e182*x02^2 - 1.5962e181*x02*x05 + 3.0604e182*x02*x07 + 5.1116e181*x02*x09 + 3.4641e182*x02*x12 - 1.1991e182*x03^2 - 1.0863e183*x03*x06 + 2.3982e182*x03*x13 - 3.8722e181*x04^2 - 2.9937e182*x04*x08 - 9.2882e180*x04*x010 + 1.5962e181*x04*x11 - 3.8722e181*x05^2 + 2.9937e182*x05*x07 + 9.2882e180*x05*x09 + 1.5962e181*x05*x12 - 3.7664e181*x06^2 + 1.0863e183*x06*x13 - 1.0817e182*x07^2 - 3.045e182*x07*x09 - 3.0604e182*x07*x12 - 1.0817e182*x08^2 - 3.045e182*x08*x010 + 3.0604e182*x08*x11 - 2.9109e180*x09^2 - 5.1116e181*x09*x12 - 2.9109e180*x010^2 + 5.1116e181*x010*x11 - 1.7321e182*x11^2 - 1.7321e182*x12^2 - 1.1991e182*x13^2 + 3.7218e181, - 2.1474e181*x01^2 - 2.2701e182*x01*x04 - 5.1093e182*x01*x08 - 1.5004e181*x01*x010 + 4.2949e181*x01*x11 - 2.1474e181*x02^2 - 2.2701e182*x02*x05 + 5.1093e182*x02*x07 + 1.5004e181*x02*x09 + 4.2949e181*x02*x12 - 8.1892e182*x03^2 - 1.8845e182*x03*x06 + 1.6378e183*x03*x13 - 6.1388e181*x04^2 - 8.6541e181*x04*x08 - 1.2592e182*x04*x010 + 2.2701e182*x04*x11 - 6.1388e181*x05^2 + 8.6541e181*x05*x07 + 1.2592e182*x05*x09 + 2.2701e182*x05*x12 - 5.1291e182*x06^2 + 1.8845e182*x06*x13 - 1.4666e183*x07^2 - 5.2398e181*x07*x09 - 5.1093e182*x07*x12 - 1.4666e183*x08^2 - 5.2398e181*x08*x010 + 5.1093e182*x08*x11 - 3.9258e181*x09^2 - 1.5004e181*x09*x12 - 3.9258e181*x010^2 + 1.5004e181*x010*x11 - 2.1474e181*x11^2 - 2.1474e181*x12^2 - 8.1892e182*x13^2 + 1.0925e181, - 2.9939e182*x01^2 - 2.0309e182*x01*x04 - 1.3785e182*x01*x08 - 2.0332e182*x01*x010 + 5.9878e182*x01*x11 - 2.9939e182*x02^2 - 2.0309e182*x02*x05 + 1.3785e182*x02*x07 + 2.0332e182*x02*x09 + 5.9878e182*x02*x12 - 2.2639e182*x03^2 - 2.0572e183*x03*x06 + 4.5278e182*x03*x13 - 1.68e181*x04^2 - 1.1728e183*x04*x08 - 1.8705e181*x04*x010 + 2.0309e182*x04*x11 - 1.68e181*x05^2 + 1.1728e183*x05*x07 + 1.8705e181*x05*x09 + 2.0309e182*x05*x12 - 7.5615e181*x06^2 + 2.0572e183*x06*x13 - 2.2269e182*x07^2 - 7.0677e182*x07*x09 - 