function time_equ = DI3d_timeFreeVel(x01, x02, x03, x04, x05, x06, x11, x12, x13)
    time_equ = [ 1, 0, ...
        - 3*x04^2 - 3*x05^2 - 3*x06^2, 12*x04*x11 - 12*x02*x05 - 12*x03*x06 - 12*x01*x04 + 12*x05*x12 + 12*x06*x13, ...
        - 9*x01^2 + 18*x01*x11 - 9*x02^2 + 18*x02*x12 - 9*x03^2 + 18*x03*x13 - 9*x11^2 - 9*x12^2 - 9*x13^2];
end