function time_equ = DI_timeFreeVel(x01, x02, x03, x04, x11, x12)
time_equ = [ 1, 0,...
            - 3*x03^2 - 3*x04^2,...
            12*x03*x11 - 12*x02*x04 - 12*x01*x03 + 12*x04*x12,...
            - 9*x01^2 + 18*x01*x11 - 9*x02^2 + 18*x02*x12 - 9*x11^2 - 9*x12^2];
end